0.003	291.33083
0.00998	92.89216
0.01696	49.15265
0.02395	30.5438
0.03093	21.55914
0.03791	13.85066
0.04489	8.29841
0.05187	5.09375
0.05886	3.85876
0.06584	3.72273
0.07282	4.24192
0.0798	4.72612
0.08678	4.82668
0.09377	4.87779
0.10075	4.95377
0.10773	5.03662
0.11471	5.09208
0.12169	5.10466
0.12868	5.09337
0.13566	5.0755
0.14264	5.06623
0.14962	5.06585
0.1566	5.07365
0.16359	5.08815
0.17057	5.10942
0.17755	5.12888
0.18453	5.1454
0.19151	5.15448
0.1985	5.15537
0.20548	5.1479
0.21246	5.13302
0.21944	5.11695
0.22642	5.10126
0.23341	5.09037
0.24039	5.08561
0.24737	5.08675
0.25435	5.0913
0.26133	5.09609
0.26832	5.09822
0.2753	5.09668
0.28228	5.09319
0.28926	5.0887
0.29624	5.08572
0.30323	5.0854
0.31021	5.08777
0.31719	5.09235
0.32417	5.09763
0.33115	5.1021
0.33814	5.10566
0.34512	5.10743
0.3521	5.10779
0.35908	5.10705
0.36606	5.10616
0.37305	5.10549
0.38003	5.10517
0.38701	5.10542
0.39399	5.10694
0.40097	5.10916
0.40795	5.11164
0.41494	5.11407
0.42192	5.11541
0.4289	5.11526
0.43588	5.1142
0.44286	5.1127
0.44985	5.11119
0.45683	5.11018
0.46381	5.11049
0.47079	5.1108
0.47777	5.11176
0.48476	5.11296
0.49174	5.11429
0.49872	5.11549
0.5057	5.11641
0.51268	5.11683
0.51967	5.11589
0.52665	5.11454
0.53363	5.11288
0.54061	5.1119
0.54759	5.11166
0.55458	5.11314
0.56156	5.11583
0.56854	5.11827
0.57552	5.11959
0.5825	5.11942
0.58949	5.11811
0.59647	5.11628
0.60345	5.11467
0.61043	5.11485
0.61741	5.11593
0.6244	5.11713
0.63138	5.11894
0.63836	5.12034
0.64534	5.12083
0.65232	5.12056
0.65931	5.12057
0.66629	5.12095
0.67327	5.12202
0.68025	5.1238
0.68723	5.12547
0.69422	5.12683
0.7012	5.12746
0.70818	5.12721
0.71516	5.12677
0.72214	5.1262
0.72913	5.126
0.73611	5.12618
0.74309	5.12718
0.75007	5.12836
0.75705	5.12968
0.76404	5.13117
0.77102	5.13204
0.778	5.13267
0.78498	5.13272
0.79196	5.13283
0.79895	5.13283
0.80593	5.13315
0.81291	5.13423
0.81989	5.13547
0.82687	5.13719
0.83386	5.13848
0.84084	5.13917
0.84782	5.13928
0.8548	5.13933
0.86178	5.13933
0.86877	5.13981
0.87575	5.14031
0.88273	5.14145
0.88971	5.14231
0.89669	5.14282
0.90368	5.14317
0.91066	5.14319
0.91764	5.14354
0.92462	5.1444
0.9316	5.1457
0.93859	5.1472
0.94557	5.14813
0.95255	5.14827
0.95953	5.148
0.96651	5.14775
0.9735	5.14783
0.98048	5.14891
0.98746	5.15068
0.99444	5.15298
1.00142	5.15457
1.00841	5.15483
1.01539	5.15469
1.02237	5.1545
1.02935	5.15536
1.03633	5.15778
1.04332	5.16028
1.0503	5.16292
1.05728	5.16415
1.06426	5.16341
1.07124	5.1607
1.07823	5.15776
1.08521	5.15607
1.09219	5.15832
1.09917	5.16542
1.10615	5.17385
1.11314	5.17818
1.12012	5.17696
1.1271	5.17242
1.13408	5.16733
1.14106	5.16341
1.14805	5.162
1.15503	5.16493
1.16201	5.17351
1.16899	5.18315
1.17597	5.18931
1.18295	5.18852
1.18994	5.18371
1.19692	5.17772
1.2039	5.17365
1.21088	5.17372
1.21786	5.17722
1.22485	5.18275
1.23183	5.18751
1.23881	5.19054
1.24579	5.191
1.25277	5.19043
1.25976	5.18937
1.26674	5.1891
1.27372	5.18988
1.2807	5.19184
1.28768	5.1935
1.29467	5.1948
1.30165	5.19485
1.30863	5.19546
1.31561	5.19612
1.32259	5.19773
1.32958	5.20003
1.33656	5.20269
1.34354	5.20516
1.35052	5.20739
1.3575	5.20825
1.36449	5.20864
1.37147	5.20827
1.37845	5.20777
1.38543	5.2075
1.39241	5.20798
1.3994	5.20954
1.40638	5.21218
1.41336	5.21618
1.42034	5.21988
1.42732	5.22307
1.43431	5.22426
1.44129	5.22413
1.44827	5.22265
1.45525	5.22112
1.46223	5.22067
1.46922	5.22155
1.4762	5.22426
1.48318	5.22796
1.49016	5.23191
1.49714	5.23487
1.50413	5.23643
1.51111	5.23688
1.51809	5.23723
1.52507	5.23774
1.53205	5.23885
1.53904	5.24084
1.54602	5.24317
1.553	5.245
1.55998	5.24633
1.56696	5.24639
1.57395	5.24623
1.58093	5.24658
1.58791	5.24756
1.59489	5.25142
1.60187	5.25655
1.60886	5.26188
1.61584	5.26626
1.62282	5.26749
1.6298	5.26622
1.63678	5.26168
1.64377	5.25659
1.65075	5.25238
1.65773	5.25244
1.66471	5.26243
1.67169	5.28261
1.67868	5.29047
1.68566	5.28681
1.69264	5.27845
1.69962	5.26976
1.7066	5.26343
1.71359	5.26274
1.72057	5.2709
1.72755	5.28735
1.73453	5.29743
1.74151	5.2995
1.7485	5.2969
1.75548	5.29309
1.76246	5.28905
1.76944	5.28769
1.77642	5.28919
1.78341	5.29372
1.79039	5.29951
1.79737	5.30408
1.80435	5.30723
1.81133	5.30878
1.81832	5.30948
1.8253	5.31022
1.83228	5.31128
1.83926	5.31202
1.84624	5.31276
1.85323	5.31328
1.86021	5.31507
1.86719	5.31834
1.87417	5.32319
1.88115	5.32774
1.88814	5.33062
1.89512	5.331
1.9021	5.33015
1.90908	5.32916
1.91606	5.32935
1.92305	5.33186
1.93003	5.33636
1.93701	5.34217
1.94399	5.34554
1.95097	5.34689
1.95795	5.34695
1.96494	5.34678
1.97192	5.34749
1.9789	5.34995
1.98588	5.35463
1.99286	5.35935
1.99985	5.36276
2.00683	5.3642
2.01381	5.3645
2.02079	5.36422
2.02777	5.36464
2.03476	5.36688
2.04174	5.37063
2.04872	5.37469
2.0557	5.37821
2.06268	5.37995
2.06967	5.38117
2.07665	5.38177
2.08363	5.38365
2.09061	5.38674
2.09759	5.39123
2.10458	5.39549
2.11156	5.39832
2.11854	5.39926
2.12552	5.39925
2.1325	5.39892
2.13949	5.39931
2.14647	5.4012
2.15345	5.4051
2.16043	5.41127
2.16741	5.41681
2.1744	5.41993
2.18138	5.42097
2.18836	5.42083
2.19534	5.42068
2.20232	5.42141
2.20931	5.42385
2.21629	5.42821
2.22327	5.43286
2.23025	5.43647
2.23723	5.43899
2.24422	5.43945
2.2512	5.43963
2.25818	5.44142
2.26516	5.44596
2.27214	5.45381
2.27913	5.4605
2.28611	5.46425
2.29309	5.4646
2.30007	5.46349
2.30705	5.46154
2.31404	5.46075
2.32102	5.46121
2.328	5.46467
2.33498	5.47114
2.34196	5.47945
2.34895	5.4853
2.35593	5.48765
2.36291	5.48686
2.36989	5.48404
2.37687	5.48172
2.38386	5.48193
2.39084	5.4869
2.39782	5.49575
2.4048	5.50502
2.41178	5.50913
2.41877	5.50901
2.42575	5.50658
2.43273	5.50409
2.43971	5.50261
2.44669	5.50312
2.45368	5.50584
2.46066	5.51273
2.46764	5.52144
2.47462	5.52895
2.4816	5.533
2.48859	5.5335
2.49557	5.53233
2.50255	5.53024
2.50953	5.5288
2.51651	5.52937
2.5235	5.53222
2.53048	5.53673
2.53746	5.5415
2.54444	5.54419
2.55142	5.54516
2.55841	5.54573
2.56539	5.54713
2.57237	5.54989
2.57935	5.55298
2.58633	5.55565
2.59332	5.55554
2.6003	5.55403
2.60728	5.55048
2.61426	5.54431
2.62124	5.53518
2.62823	5.51823
2.63521	5.49433
2.64219	5.45778
2.64917	5.41755
2.65615	5.39482
2.66314	5.38225
2.67012	5.37478
2.6771	5.36895
2.68408	5.36589
2.69106	5.36908
2.69805	5.37961
2.70503	5.39437
2.71201	5.40367
2.71899	5.40761
2.72597	5.40822
2.73295	5.40668
2.73994	5.40349
2.74692	5.39966
2.7539	5.39495
2.76088	5.38731
2.76786	5.37859
2.77485	5.2833
2.78183	5.25819
2.78881	5.24851
2.79579	5.24567
2.80277	5.24347
2.80976	5.24167
2.81674	5.24141
2.82372	5.24461
2.8307	5.24798
2.83768	5.25184
2.84467	5.26188
2.85165	5.27933
2.85863	5.28459
2.86561	5.28642
2.87259	5.28749
2.87958	5.29122
2.88656	5.30043
2.89354	5.31132
2.90052	5.3186
2.9075	5.31986
2.91449	5.31734
2.92147	5.3142
2.92845	5.31131
2.93543	5.30797
2.94241	5.3041
2.9494	5.30242
2.95638	5.30688
2.96336	5.30883
2.97034	5.3209
2.97732	5.32378
2.98431	5.32137
2.99129	5.31755
2.99827	5.31493
3.00525	5.32117
3.01223	5.35832
3.01922	5.37407
3.0262	5.37211
3.03318	5.36809
3.04016	5.36392
3.04714	5.36065
3.05413	5.35762
3.06111	5.35459
3.06809	5.34141
3.07507	5.33511
3.08205	5.33047
3.08904	5.32838
3.09602	5.33634
3.103	5.34113
3.10998	5.34705
3.11696	5.35037
3.12395	5.35346
3.13093	5.35967
3.13791	5.36858
3.14489	5.37588
3.15187	5.38154
3.15886	5.38113
3.16584	5.38195
3.17282	5.3868
3.1798	5.39172
3.18678	5.39268
3.19377	5.39078
3.20075	5.38811
3.20773	5.38685
3.21471	5.38984
3.22169	5.39514
3.22868	5.39861
3.23566	5.39895
3.24264	5.39877
3.24962	5.40225
3.2566	5.40367
3.26359	5.4025
3.27057	5.403
3.27755	5.40198
3.28453	5.39906
3.29151	5.39566
3.2985	5.39591
3.30548	5.39737
3.31246	5.39837
3.31944	5.39914
3.32642	5.39913
3.33341	5.39873
3.34039	5.39505
3.34737	5.39492
3.35435	5.39684
3.36133	5.39914
3.36832	5.40423
3.3753	5.4016
3.38228	5.40147
3.38926	5.40559
3.39624	5.41179
3.40323	5.41693
3.41021	5.4207
3.41719	5.4185
3.42417	5.41846
3.43115	5.4216
3.43814	5.42616
3.44512	5.43081
3.4521	5.43323
3.45908	5.43424
3.46606	5.43619
3.47305	5.43809
3.48003	5.44139
3.48701	5.446
3.49399	5.44966
3.50097	5.451
3.50795	5.45117
3.51494	5.451
3.52192	5.44952
3.5289	5.44487
3.53588	5.44276
3.54286	5.44217
3.54985	5.44333
3.55683	5.44561
3.56381	5.44658
3.57079	5.44548
3.57777	5.44233
3.58476	5.43905
3.59174	5.44541
3.59872	5.45272
3.6057	5.45843
3.61268	5.46412
3.61967	5.46528
3.62665	5.4637
3.63363	5.4587
3.64061	5.45217
3.64759	5.4447
3.65458	5.43973
3.66156	5.44742
3.66854	5.46793
3.67552	5.47559
3.6825	5.47511
3.68949	5.47204
3.69647	5.46702
3.70345	5.4632
3.71043	5.46455
3.71741	5.46518
3.7244	5.46411
3.73138	5.46207
3.73836	5.45832
3.74534	5.45495
3.75232	5.45058
3.75931	5.44633
3.76629	5.44252
3.77327	5.43853
3.78025	5.4373
3.78723	5.43906
3.79422	5.4414
3.8012	5.44336
3.80818	5.44486
3.81516	5.44602
3.82214	5.44595
3.82913	5.44256
3.83611	5.43802
3.84309	5.43276
3.85007	5.42908
3.85705	5.42794
3.86404	5.42834
3.87102	5.42976
3.878	5.43275
3.88498	5.43256
3.89196	5.42902
3.89895	5.42449
3.90593	5.41958
3.91291	5.41521
3.91989	5.41398
3.92687	5.42086
3.93386	5.42118
3.94084	5.42052
3.94782	5.41692
3.9548	5.41163
3.96178	5.40521
3.96877	5.40078
3.97575	5.39717
3.98273	5.39517
3.98971	5.39774
3.99669	5.40821
4.00368	5.4151
4.01066	5.41735
4.01764	5.41559
4.02462	5.41123
4.0316	5.40616
4.03859	5.40235
4.04557	5.40193
4.05255	5.4052
4.05953	5.40801
4.06651	5.40658
4.0735	5.41064
4.08048	5.40438
4.08746	5.3926
4.09444	5.38757
4.10142	5.38625
4.10841	5.38392
4.11539	5.37955
4.12237	5.37525
4.12935	5.37088
4.13633	5.36683
4.14332	5.35272
4.1503	5.34887
4.15728	5.34543
4.16426	5.34338
4.17124	5.34503
4.17823	5.35106
4.18521	5.3548
4.19219	5.34949
4.19917	5.34455
4.20615	5.34171
4.21314	5.34011
4.22012	5.34051
4.2271	5.34218
4.23408	5.34422
4.24106	5.34922
4.24805	5.35286
4.25503	5.35634
4.26201	5.35537
4.26899	5.35213
4.27597	5.34599
4.28295	5.33919
4.28994	5.33669
4.29692	5.33403
4.3039	5.33095
4.31088	5.32724
4.31786	5.32297
4.32485	5.31801
4.33183	5.31985
4.33881	5.32078
4.34579	5.321
4.35277	5.32099
4.35976	5.32147
4.36674	5.32291
4.37372	5.32288
4.3807	5.32012
4.38768	5.31853
4.39467	5.31872
4.40165	5.31842
4.40863	5.31763
4.41561	5.31703
4.42259	5.31603
4.42958	5.3151
4.43656	5.31552
4.44354	5.31919
4.45052	5.32376
4.4575	5.32575
4.46449	5.32461
4.47147	5.32245
4.47845	5.31982
4.48543	5.32795
4.49241	5.32904
4.4994	5.3288
4.50638	5.32699
4.51336	5.32499
4.52034	5.32294
4.52732	5.32161
4.53431	5.32013
4.54129	5.31804
4.54827	5.31483
4.55525	5.31154
4.56223	5.30977
4.56922	5.31258
4.5762	5.32136
4.58318	5.33144
4.59016	5.33527
4.59714	5.33251
4.60413	5.32691
4.61111	5.32209
4.61809	5.31998
4.62507	5.31973
4.63205	5.32074
4.63904	5.32251
4.64602	5.32329
4.653	5.32417
4.65998	5.32533
4.66696	5.32484
4.67395	5.32796
4.68093	5.32984
4.68791	5.32822
4.69489	5.32678
4.70187	5.32451
4.70886	5.32095
4.71584	5.31898
4.72282	5.31633
4.7298	5.31311
4.73678	5.3143
4.74377	5.31938
4.75075	5.3205
4.75773	5.32053
4.76471	5.32207
4.77169	5.32373
4.77868	5.32478
4.78566	5.32299
4.79264	5.32043
4.79962	5.32204
4.8066	5.31698
4.81359	5.30632
4.82057	5.29422
4.82755	5.29371
4.83453	5.30513
4.84151	5.31374
4.8485	5.32127
4.85548	5.3265
4.86246	5.33199
4.86944	5.33333
4.87642	5.33195
4.88341	5.328
4.89039	5.32569
4.89737	5.33125
4.90435	5.33405
4.91133	5.34104
4.91832	5.34461
4.9253	5.34618
4.93228	5.3515
4.93926	5.35511
4.94624	5.3515
4.95323	5.34352
4.96021	5.33632
4.96719	5.33673
4.97417	5.33924
4.98115	5.34171
4.98814	5.3426
4.99512	5.34127
5.0021	5.33986
5.00908	5.33979
5.01606	5.34091
5.02305	5.34408
5.03003	5.34885
5.03701	5.35275
5.04399	5.35494
5.05097	5.35567
5.05795	5.35402
5.06494	5.35003
5.07192	5.34706
5.0789	5.34782
5.08588	5.34979
5.09286	5.35389
5.09985	5.35697
5.10683	5.35588
5.11381	5.35259
5.12079	5.3486
5.12777	5.3466
5.13476	5.34617
5.14174	5.34625
5.14872	5.34741
5.1557	5.34928
5.16268	5.3504
5.16967	5.34958
5.17665	5.34658
5.18363	5.3429
5.19061	5.33807
5.19759	5.33331
5.20458	5.33144
5.21156	5.33274
5.21854	5.33426
5.22552	5.33467
5.2325	5.32428
5.23949	5.32383
5.24647	5.32302
5.25345	5.32302
5.26043	5.3232
5.26741	5.32352
5.2744	5.32357
5.28138	5.32362
5.28836	5.32311
5.29534	5.32328
5.30232	5.324
5.30931	5.32485
5.31629	5.32374
5.32327	5.32191
5.33025	5.32055
5.33723	5.32054
5.34422	5.32125
5.3512	5.32203
5.35818	5.32332
5.36516	5.32393
5.37214	5.32324
5.37913	5.32267
5.38611	5.32115
5.39309	5.31931
5.40007	5.31732
5.40705	5.31667
5.41404	5.31751
5.42102	5.31988
5.428	5.32108
5.43498	5.32122
5.44196	5.32051
5.44895	5.31901
5.45593	5.31828
5.46291	5.31898
5.46989	5.32081
5.47687	5.32231
5.48386	5.32354
5.49084	5.32369
5.49782	5.3231
5.5048	5.32238
5.51178	5.32136
5.51877	5.31941
5.52575	5.31821
5.53273	5.32205
5.53971	5.32506
5.54669	5.32646
5.55368	5.32516
5.56066	5.32322
5.56764	5.32246
5.57462	5.32492
5.5816	5.32693
5.58859	5.3259
5.59557	5.32408
5.60255	5.32142
5.60953	5.31857
5.61651	5.31758
5.6235	5.31925
5.63048	5.32195
5.63746	5.32256
5.64444	5.3222
5.65142	5.32143
5.65841	5.3218
5.66539	5.32315
5.67237	5.32565
5.67935	5.32636
5.68633	5.32551
5.69332	5.32841
5.7003	5.32892
5.70728	5.32779
5.71426	5.32659
5.72124	5.32425
5.72823	5.32159
5.73521	5.31896
5.74219	5.31687
5.74917	5.31382
5.75615	5.30796
5.76314	5.3048
5.77012	5.30247
5.7771	5.30115
5.78408	5.30106
5.79106	5.302
5.79805	5.30275
5.80503	5.30682
5.81201	5.30933
5.81899	5.30667
5.82597	5.30401
5.83295	5.30152
5.83994	5.30117
5.84692	5.30232
5.8539	5.30389
5.86088	5.30559
5.86786	5.30795
5.87485	5.30909
5.88183	5.3087
5.88881	5.30721
5.89579	5.30507
5.90277	5.30217
5.90976	5.29948
5.91674	5.29709
5.92372	5.29545
5.9307	5.29467
5.93768	5.29445
5.94467	5.29574
5.95165	5.29722
5.95863	5.29813
5.96561	5.29913
5.97259	5.30013
5.97958	5.29894
5.98656	5.29586
5.99354	5.29414
6.00052	5.29417
6.0075	5.2945
6.01449	5.29478
6.02147	5.2938
6.02845	5.29162
6.03543	5.28813
6.04241	5.28175
6.0494	5.27265
6.05638	5.27083
6.06336	5.27166
6.07034	5.27151
6.07732	5.26693
6.08431	5.26073
6.09129	5.25458
6.09827	5.24909
6.10525	5.24508
6.11223	5.24588
6.11922	5.25329
6.1262	5.25703
6.13318	5.2571
6.14016	5.25407
6.14714	5.25047
6.15413	5.24959
6.16111	5.25357
6.16809	5.2568
6.17507	5.25794
6.18205	5.25429
6.18904	5.2489
6.19602	5.24624
6.203	5.2415
6.20998	5.23303
6.21696	5.22493
6.22395	5.22075
6.23093	5.21079
6.23791	5.19703
6.24489	5.1816
6.25187	5.13855
6.25886	5.12964
6.26584	5.12572
6.27282	5.12339
6.2798	5.12027
6.28678	5.11392
6.29377	5.1093
6.30075	5.11
6.30773	5.11282
6.31471	5.11376
6.32169	5.11217
6.32868	5.11165
6.33566	5.11015
6.34264	5.10895
6.34962	5.10654
6.3566	5.10828
6.36359	5.10815
6.37057	5.10432
6.37755	5.10118
6.38453	5.10033
6.39151	5.09986
6.3985	5.09861
6.40548	5.09771
6.41246	5.10025
6.41944	5.09618
6.42642	5.09944
6.43341	5.10095
6.44039	5.09926
6.44737	5.09557
6.45435	5.09116
6.46133	5.08872
6.46832	5.08986
6.4753	5.0961
6.48228	5.09691
6.48926	5.09396
6.49624	5.09045
6.50323	5.08552
6.51021	5.08106
6.51719	5.08032
6.52417	5.08388
6.53115	5.08838
6.53814	5.08691
6.54512	5.08537
6.5521	5.0882
6.55908	5.08931
6.56606	5.08678
6.57305	5.08146
6.58003	5.07665
6.58701	5.07525
6.59399	5.07729
6.60097	5.08579
6.60795	5.1013
6.61494	5.10328
6.62192	5.1016
6.6289	5.09846
6.63588	5.09343
6.64286	5.08872
6.64985	5.08514
6.65683	5.08316
6.66381	5.08245
6.67079	5.08262
6.67777	5.08346
6.68476	5.08816
6.69174	5.09446
6.69872	5.09543
6.7057	5.09714
6.71268	5.09589
6.71967	5.09419
6.72665	5.09174
6.73363	5.08504
6.74061	5.08112
6.74759	5.07292
6.75458	5.05739
6.76156	5.05376
6.76854	5.04845
6.77552	5.05034
6.7825	5.04983
6.78949	5.04944
6.79647	5.05074
6.80345	5.05299
6.81043	5.06124
6.81741	5.06487
6.8244	5.06284
6.83138	5.06297
6.83836	5.05868
6.84534	5.05614
6.85232	5.05662
6.85931	5.05982
6.86629	5.06314
6.87327	5.06609
6.88025	5.06678
6.88723	5.06476
6.89422	5.06115
6.9012	5.05137
6.90818	5.0546
6.91516	5.05378
6.92214	5.05345
6.92913	5.05536
6.93611	5.05643
6.94309	5.05206
6.95007	5.04571
6.95705	5.04147
6.96404	5.03941
6.97102	5.03725
6.978	5.03433