14.7526	-0.002
14.8242	-0.0014
14.8958	-0.0019
14.9674	-0.002
15.0391	-0.002
15.1107	-0.0017
15.1823	-0.0015
15.2539	-0.0011
15.3255	-0.0013
15.3971	-0.0011
15.4687	-5E-4
15.5404	-3E-4
15.612	2E-4
15.6836	4E-4
15.7552	4E-4
15.8268	0.001
15.8984	8E-4
15.9701	0.0012
16.0417	9E-4
16.1133	0.0016
16.1849	9E-4
16.2565	0.0024
16.3281	0.0013
16.3997	0.0011
16.4714	0.0021
16.543	0.0019
16.6146	0.0025
16.6862	0.0023
16.7578	0.0031
16.8294	0.0027
16.901	0.0035
16.9727	0.0028
17.0443	0.0036
17.1159	0.0041
17.1875	0.0037
17.2591	0.0047
17.3307	0.0036
17.4023	0.0045
17.474	0.0041
17.5456	0.0036
17.6172	0.0047
17.6888	0.0043
17.7604	0.0044
17.832	0.0038
17.9036	0.0034
17.9753	0.003
18.0469	0.0036
18.1185	0.004
18.1901	0.004
18.2617	0.0033
18.3333	0.0042
18.4049	0.0038
18.4766	0.005
18.5482	0.0051
18.6198	0.0039
18.6914	0.0033
18.763	0.0041
18.8346	0.0051
18.9062	0.0036
18.9779	0.003
19.0495	0.0036
19.1211	0.003
19.1927	0.0021
19.2643	0.0016
19.3359	0.0015
19.4076	0.0016
19.4792	0.0019
19.5508	0.002
19.6224	0.0014
19.694	0.0018
19.7656	0.0029
19.8372	0.0019
19.9089	0.002
19.9805	0.002
20.0521	0.0014
20.1237	0.0014
20.1953	0.0018
20.2669	0.0019
20.3385	0.0017
20.4102	9E-4
20.4818	0.002
20.5534	0.0021
20.625	0.0018
20.6966	0.0019
20.7682	0.0019
20.8398	0.0021
20.9115	0.0011
20.9831	0.0014
21.0547	0.0012
21.1263	0.0018
21.1979	0.0011
21.2695	3E-4
21.3411	6E-4
21.4128	0
21.4844	-6E-4
21.556	-6E-4
21.6276	-0.0019
21.6992	-0.0018
21.7708	-0.0021
21.8424	-0.0012
21.9141	-0.0016
21.9857	-7E-4
22.0573	-2E-4
22.1289	-6E-4
22.2005	-0.0013
22.2721	-0.0018
22.3437	-9E-4
22.4154	-0.001
22.487	-6E-4
22.5586	-4E-4
22.6302	-2E-4
22.7018	4E-4
22.7734	8E-4
22.8451	0.0019
22.9167	0.0018
22.9883	0.0013
23.0599	0.0016
23.1315	9E-4
23.2031	8E-4
23.2747	9E-4
23.3464	-7E-4
23.418	-0.0013
23.4896	-0.003
23.5612	-0.0043
23.6328	-0.0047
23.7044	-0.0066
23.776	-0.0085
23.8477	-0.0085
23.9193	-0.0098
23.9909	-0.0094
24.0625	-0.0109
24.1341	-0.0102
24.2057	-0.0099
24.2773	-0.0108
24.349	-0.0114
24.4206	-0.0125
24.4922	-0.0139
24.5638	-0.015
24.6354	-0.0184
24.707	-0.019
24.7786	-0.0219
24.8503	-0.0245
24.9219	-0.027
24.9935	-0.0291
25.0651	-0.03
25.1367	-0.0325
25.2083	-0.0342
25.2799	-0.0361
25.3516	-0.0367
25.4232	-0.037
25.4948	-0.0366
25.5664	-0.0352
25.638	-0.0324
25.7096	-0.0288
25.7812	-0.0207
25.8529	-0.0107
25.9245	0.0022
25.9961	0.0187
26.0677	0.0394
26.1393	0.0653
26.2109	0.0981
26.2826	0.1366
26.3542	0.1823
26.4258	0.2313
26.4974	0.2785
26.569	0.3196
26.6406	0.3478
26.7122	0.3523
26.7839	0.3254
26.8555	0.2574
26.9271	0.1495
26.9987	0.0082
27.0703	-0.1496
27.1419	-0.3107
27.2135	-0.4453
27.2852	-0.5339
27.3568	-0.563
27.4284	-0.5331
27.5	-0.4509
27.5716	-0.3348
27.6432	-0.2084
27.7148	-0.0963
27.7865	-0.0058
27.8581	0.0591
27.9297	0.0966
28.0013	0.1138
28.0729	0.1164
28.1445	0.1128
28.2161	0.1053
28.2878	0.097
28.3594	0.0874
28.431	0.0747
28.5026	0.0602
28.5742	0.0449
28.6458	0.0325
28.7174	0.0242
28.7891	0.0208
28.8607	0.02
28.9323	0.0188
29.0039	0.0185
29.0755	0.0193
29.1471	0.0197
29.2187	0.0204
29.2904	0.0193
29.362	0.0166
29.4336	0.0132
29.5052	0.0132
29.5768	0.0137
29.6484	0.018
29.7201	0.0198
29.7917	0.0202
29.8633	0.0201
29.9349	0.0194
30.0065	0.0171
30.0781	0.0134
30.1497	0.0099
30.2214	0.0037
30.293	-0.0014
30.3646	-0.0045
30.4362	-0.0078
30.5078	-0.0102
30.5794	-0.0093
30.651	-0.0081
30.7227	-0.0056
30.7943	-0.0028
30.8659	-6E-4
30.9375	-6E-4
31.0091	-0.0012
31.0807	-0.0026
31.1523	-0.0046
31.224	-0.0057
31.2956	-0.0049
31.3672	-0.003
31.4388	-4E-4
31.5104	0.001
31.582	0.0013
31.6536	0.0029
31.7253	0.0025
31.7969	0.002
31.8685	0.0013
31.9401	0.0017
32.0117	0.0046
32.0833	0.0061
32.1549	0.0096
32.2266	0.0117
32.2982	0.014
32.3698	0.0164
32.4414	0.0178
32.513	0.0192
32.5846	0.0188
32.6562	0.0187
32.7279	0.0158
32.7995	0.0138
32.8711	0.0113
32.9427	0.0084
33.0143	0.0043
33.0859	0.0015
33.1576	1E-4
33.2292	-0.0014
33.3008	-0.0032
33.3724	-0.0039
33.444	-0.0039
33.5156	-0.0038
33.5872	-0.0046
33.6589	-0.0054
33.7305	-0.0057
33.8021	-0.0064
33.8737	-0.0061
33.9453	-0.0066
34.0169	-0.0078
34.0885	-0.007
34.1602	-0.0061
34.2318	-0.0053
34.3034	-0.0042
34.375	-0.0021
34.4466	-0.0014
34.5182	-0.0019
34.5898	-0.0013
34.6615	-0.0023
34.7331	-0.0049
34.8047	-0.0069
34.8763	-0.0084
34.9479	-0.0109
35.0195	-0.0133
35.0911	-0.0152
35.1628	-0.0173
35.2344	-0.02
35.306	-0.0212
35.3776	-0.0213
35.4492	-0.0209
35.5208	-0.0184
35.5924	-0.0158
35.6641	-0.0131
35.7357	-0.0107
35.8073	-0.0079
35.8789	-0.0062
35.9505	-0.0062
36.0221	-0.0055
36.0937	-0.0065
36.1654	-0.0052
36.237	-0.0046
36.3086	-0.005
36.3802	-0.0046
36.4518	-0.005
36.5234	-0.0057
36.5951	-0.0062
36.6667	-0.006
36.7383	-0.0073
36.8099	-0.0085
36.8815	-0.0084
36.9531	-0.0076
37.0247	-0.0058
37.0964	-0.004
37.168	-0.0011
37.2396	-5E-4
37.3112	-5E-4
37.3828	-0.0018
37.4544	-0.0041
37.526	-0.0085
37.5977	-0.0138
37.6693	-0.0171
37.7409	-0.0202
37.8125	-0.0209
37.8841	-0.0204
37.9557	-0.0178
38.0273	-0.0134
38.099	-0.0087
38.1706	-0.0052
38.2422	-0.0044
38.3138	-0.007
38.3854	-0.0093
38.457	-0.015
38.5286	-0.0199
38.6003	-0.0258
38.6719	-0.0298
38.7435	-0.0302
38.8151	-0.0295
38.8867	-0.027
38.9583	-0.0222
39.0299	-0.0172
39.1016	-0.012
39.1732	-0.0061
39.2448	-0.004
39.3164	-0.0019
39.388	-0.0016
39.4596	-0.0026
39.5312	-0.0042
39.6029	-0.0065
39.6745	-0.0067
39.7461	-0.0078
39.8177	-0.0084
39.8893	-0.0069
39.9609	-0.0067
40.0326	-0.0063
40.1042	-0.0067
40.1758	-0.0066
40.2474	-0.0089
40.319	-0.0107
40.3906	-0.0126
40.4622	-0.0138
40.5339	-0.0146
40.6055	-0.0148
40.6771	-0.0146
40.7487	-0.0146
40.8203	-0.0137
40.8919	-0.0126
40.9635	-0.0116
41.0352	-0.0117
41.1068	-0.0107
41.1784	-0.0107
41.25	-0.0114
41.3216	-0.0126
41.3932	-0.0108
41.4648	-0.0109
41.5365	-0.0087
41.6081	-0.0058
41.6797	-0.0033
41.7513	-4E-4
41.8229	8E-4
41.8945	0.0016
41.9661	0.0021
42.0378	6E-4
42.1094	-5E-4
42.181	-0.0019
42.2526	-0.0029
42.3242	-0.0024
42.3958	-0.0024
42.4674	-7E-4
42.5391	0.0011
42.6107	0.0035
42.6823	0.0072
42.7539	0.0105
42.8255	0.0123
42.8971	0.0124
42.9687	0.011
43.0404	0.0095
43.112	0.0042
43.1836	-8E-4
43.2552	-0.0054
43.3268	-0.0109
43.3984	-0.0164
43.4701	-0.0245
43.5417	-0.0331
43.6133	-0.0457
43.6849	-0.0586
43.7565	-0.074
43.8281	-0.0879
43.8997	-0.1015
43.9714	-0.1122
44.043	-0.1151
44.1146	-0.113
44.1862	-0.1034
44.2578	-0.0864
44.3294	-0.0629
44.401	-0.0341
44.4727	-0.0012
44.5443	0.0315
44.6159	0.0612
44.6875	0.0846
44.7591	0.0999
44.8307	0.1063
44.9023	0.1058
44.974	0.0986
45.0456	0.0908
45.1172	0.0828
45.1888	0.079
45.2604	0.081
45.332	0.0847
45.4036	0.088
45.4753	0.0854
45.5469	0.0747
45.6185	0.0533
45.6901	0.0203
45.7617	-0.0181
45.8333	-0.0563
45.9049	-0.0862
45.9766	-0.1001
46.0482	-0.0957
46.1198	-0.0752
46.1914	-0.0476
46.263	-0.0203
46.3346	-2E-4
46.4062	0.007
46.4779	0.0052
46.5495	-0.0071
46.6211	-0.019
46.6927	-0.027
46.7643	-0.0277
46.8359	-0.0205
46.9076	-0.01
46.9792	-4E-4
47.0508	0.0041
47.1224	0.0043
47.194	8E-4
47.2656	-0.0046
47.3372	-0.0076
47.4089	-0.0095
47.4805	-0.008
47.5521	-0.0064
47.6237	-0.0047
47.6953	-0.0034
47.7669	-0.0038
47.8385	-0.0063
47.9102	-0.0078
47.9818	-0.0093
48.0534	-0.0106
48.125	-0.0113
48.1966	-0.0094
48.2682	-0.0084
48.3398	-0.0066
48.4115	-0.0037
48.4831	-0.0017
48.5547	3E-4
48.6263	0.0022
48.6979	0.0021
48.7695	0.0019
48.8411	2E-4
48.9128	-0.0017
48.9844	-0.0049
49.056	-0.0075
49.1276	-0.0092
49.1992	-0.0104
49.2708	-0.0107
49.3424	-0.0119
49.4141	-0.0139
49.4857	-0.0141
49.5573	-0.0148
49.6289	-0.0164
49.7005	-0.0177
49.7721	-0.0208
49.8437	-0.0241
49.9154	-0.0255
49.987	-0.0249
50.0586	-0.0239
50.1302	-0.0231
50.2018	-0.0213
50.2734	-0.0232
50.3451	-0.0242
50.4167	-0.0235
50.4883	-0.0225
50.5599	-0.0204
50.6315	-0.02
50.7031	-0.0195
50.7747	-0.0196
50.8464	-0.0191
50.918	-0.0195
50.9896	-0.0206
51.0612	-0.0191
51.1328	-0.0188
51.2044	-0.0194
51.276	-0.0192
51.3477	-0.018
51.4193	-0.0191
51.4909	-0.0201
51.5625	-0.0229
51.6341	-0.0257
51.7057	-0.0245
51.7773	-0.0251
51.849	-0.0254
51.9206	-0.0248
51.9922	-0.0237
52.0638	-0.024
52.1354	-0.0227
52.207	-0.0214
52.2786	-0.0216
52.3503	-0.0211
52.4219	-0.02
52.4935	-0.0194
52.5651	-0.0188
52.6367	-0.0187
52.7083	-0.0207
52.7799	-0.0206
52.8516	-0.0202
52.9232	-0.0201
52.9948	-0.021
53.0664	-0.0218
53.138	-0.0243
53.2096	-0.0262
53.2812	-0.0267
53.3529	-0.0285
53.4245	-0.0295
53.4961	-0.0295
53.5677	-0.0292
53.6393	-0.0279
53.7109	-0.0274
53.7826	-0.0286
53.8542	-0.0295
53.9258	-0.0309
53.9974	-0.032
54.069	-0.0332
54.1406	-0.0337
54.2122	-0.0332
54.2839	-0.0328
54.3555	-0.033